((("assoc" .
   [1 0 0 0 0])
  ("constantp" .
   [0 0 0 0 1 0 0 0 0])
  ("CONS" .
   [1 0 0 0])
  ("set-difference" .
   [0 0 0 0 0 0 0 0 1 0 0 0 0 0])
  ("union" .
   [0 0 0 1 0])
  ("intersection" .
   [0 0 0 0 0 0 1 0 0 0 0 0])
  ("eq" .
   [1 0])
  ("subsetp" .
   [0 0 0 0 0 0 1])
  ("pushnew" .
   [0 0 0 0 0 1 0])
  ("subst" .
   [0 0 0 1 1])
  ("copy-tree" .
   [0 0 0 0 0 0 1 0 0])
  ("copy-list" .
   [0 0 0 0 0 1 0 0 0])
  ("**" .
   [2 0])
  ("atom" .
   [1 0 0 0])
  ("consp" .
   [0 0 0 0 1])
  ("revappend" .
   [0 0 0 0 0 0 1 0 0])
  (":initial-element" .
   [0 0 0 0 0 0 0 0 0 1 0 0 0 0 0 0])
  ("make-list" .
   [0 0 0 1 0 0 0 0 0])
  ("list*" .
   [1 0 0 0 0])
  ("ldiff" .
   [0 0 0 0 1])
  ("nbutlast" .
   [0 0 0 0 0 1 0 0])
  ("butlast" .
   [0 0 0 0 1 0 0])
  ("last" .
   [1 0 0 0])
  ("delete" .
   [0 0 0 0 1 0])
  ("push" .
   [0 0 0 1])
  ("reverse" .
   [0 0 0 0 0 1 0])
  ("*test-list2*" .
   [0 0 0 0 0 1 0 0 0 0 0 0])
  ("append" .
   [1 0 0 0 0 0])
  ("car" .
   [4 0 1])
  ("init-git-emacs" .
   [0 0 0 0 0 0 0 0 1 0 0 0 0 0])
  ("load-path" .
   [0 0 0 0 0 0 0 1 0])
  ("html" .
   [1 0 0 0])
  ("on" .
   [1 0])
  ("src" .
   [0 0 2])
  ("defvar" .
   [0 0 0 0 1 0])
  ("set" .
   [1 0 0])
  ("do-primes" .
   [1 0 0 0 0 0 0 0 0])
  ("start" .
   [1 0 0 0 0])
  ("next-prime" .
   [0 0 0 1 1 0 0 0 0 0])
  ("var" .
   [2 0 0])
  ("defmacro" .
   [0 0 0 0 1 0 0 0])
  ("get-all" .
   [1 0 0 0 0 0 0])
  ("return" .
   [1 0 0 0 0 0])
  ("for" .
   [1 0 0])
  ("loop" .
   [1 0 0 0])
  ("plug" .
   [1 0 0 0])
  ("PI" .
   [1 0])
  ("sin" .
   [2 0 0])
  ("quote" .
   [0 0 1 0 0])
  ("if" .
   [2 0])
  ("when" .
   [1 0 1 1])
  ("funcall" .
   [0 0 0 0 2 0 0])
  ("function-keywords" .
   [0 0 0 0 1 0 0 0 0 0 0 0 0 0 0 0 0])
  ("syso" .
   [3 0 0 0])
  ("let" .
   [1 0 0])
  ("print" .
   [5 0 0 0 4])
  ("format" .
   [0 0 0 0 3 0])
  ("setf" .
   [8 0 1 0])
  ("progn" .
   [0 0 0 0 1])
  ("list" .
   [15 0 0 3])
  ("defun" .
   [1 0 0 0 1])
  ("test" .
   [2 0 0 0])
  ("cond" .
   [1 0 0 0])
  ("and" .
   [3 0 0])
  ("or" .
   [1 0])
  ("not" .
   [2 0 0])
  ("year" .
   [1 0 0 0])
  ("equal" .
   [1 0 0 0 0])
  ("rem" .
   [4 0 0])
  (">=" .
   [1 0])
  ("do" .
   [6 0])
  ("princ" .
   [2 0 0 0 0])
  ("setq" .
   [2 0 0 0])
  ("expand-file-name" .
   [0 0 1 1 0 0 0 0 0 0 0 0 0 0 0 0])
  ("/" .
   [1])
  ("x" .
   [1])
  ("char=" .
   [1 0 0 0 0])
  ("string=" .
   [1 0 0 0 0 0 0])
  ("init-vue" .
   [1 0 0 0 0 0 0 0])
  ("nil" .
   [2 0 0])
  (":actions" .
   [1 0 0 0 0 0 0 0])
  ("show-paren-" .
   [0 0 0 0 0 0 0 1 0 0 0])
  ("show-paren-mode" .
   [0 0 0 0 1 0 0 0 0 0 0 0 0 0 0])
  ("make-hash-table" .
   [0 0 0 0 0 0 0 0 0 1 0 0 0 0 0])
  ("gethash" .
   [0 0 0 0 0 0 1])
  (":test" .
   [4 0 0 0 0])
  ("equalP" .
   [1 0 0 0 0 0])
  ("equalp" .
   [0 0 0 0 0 1])
  ("concatenate" .
   [0 0 0 0 1 0 0 0 0 0 0])
  ("cons" .
   [7 0 0 0])
  ("sort" .
   [1 0 0 0])
  ("string<" .
   [1 0 0 0 0 0 0])
  ("string>" .
   [1 0 0 0 0 0 0])
  ("stable-sort" .
   [0 0 0 0 0 1 0 0 0 0 0])
  ("message" .
   [1 0 0 0 0 0 0])
  ("cdr" .
   [1 0 2])
  ("defparameter" .
   [0 0 0 0 2 0 0 0 0 0 0 0])
  ("*test-list*" .
   [0 0 0 0 0 10 0 0 0 1 0])
  ("first" .
   [1 0 0 0 0])
  ("second" .
   [0 0 0 0 0 1])
  ("nth" .
   [0 0 1])
  ("length" .
   [0 0 0 1 0 0])))
